0 0.10417 0.22338 0.07077 0.09160
0 0.43535 0.68320 0.03208 0.09458
0 0.39616 0.70106 0.04167 0.03042
0 0.35830 0.71809 0.02546 0.05721
0 0.33333 0.69659 0.02116 0.04663
0 0.29762 0.70139 0.02447 0.04828
0 0.26703 0.71776 0.02348 0.04861
0 0.22867 0.72404 0.02149 0.02149
0 0.20056 0.70503 0.02546 0.04365
0 0.17295 0.71991 0.02315 0.05291
0 0.14782 0.71958 0.02249 0.05489
0 0.12781 0.71776 0.01290 0.05853
0 0.10681 0.71594 0.02844 0.05489
0 0.07937 0.71726 0.02381 0.04762
0 0.04431 0.70503 0.03373 0.07606
0 0.01224 0.60929 0.02249 0.06713
0 0.38707 0.60615 0.02811 0.06349
0 0.35599 0.58069 0.02877 0.06019
0 0.39501 0.04481 0.04927 0.08565
0 0.35764 0.05837 0.02216 0.05655
0 0.33118 0.06663 0.03142 0.03935
0 0.29349 0.05754 0.03604 0.05489
0 0.23231 0.04894 0.03406 0.08267
0 0.19395 0.04977 0.04266 0.07970
0 0.47255 0.65873 0.03902 0.14418
0 0.13690 0.04332 0.03836 0.08598
0 0.05787 0.04382 0.04034 0.08499
0 0.01968 0.04580 0.03406 0.08168
0 0.14616 0.59094 0.04233 0.07077
0 0.25083 0.57738 0.03604 0.05357
0 0.28538 0.61028 0.03241 0.06382
0 0.32027 0.59970 0.03009 0.06052
0 0.09772 0.04415 0.04001 0.08565
0 0.51356 0.65460 0.04101 0.13790
0 0.55175 0.67708 0.03208 0.12269
0 0.59623 0.70056 0.05622 0.06978
0 0.36475 0.87665 0.05622 0.12368
0 0.41782 0.80605 0.03935 0.09755
0 0.46495 0.87880 0.05159 0.12070
0 0.51240 0.86723 0.04332 0.14319
0 0.55870 0.82688 0.04332 0.11673
0 0.60913 0.84259 0.05159 0.13823
0 0.31647 0.86723 0.03968 0.13525
0 0.66171 0.84160 0.05159 0.14153
0 0.77265 0.89567 0.05126 0.08168
0 0.75149 0.78241 0.04861 0.05291
0 0.81630 0.85202 0.03538 0.05456
0 0.88988 0.88707 0.05026 0.06978
0 0.89931 0.79084 0.03671 0.07705
0 0.18552 0.22404 0.08069 0.09491
0 0.70668 0.83763 0.03175 0.09061
0 0.44593 0.04679 0.05060 0.09094
0 0.27860 0.86855 0.03142 0.13790
0 0.19378 0.84623 0.03968 0.12302
0 0.65526 0.62252 0.04663 0.07110
0 0.65228 0.69643 0.04530 0.07341
0 0.69924 0.69974 0.04398 0.07011
0 0.74620 0.69395 0.04795 0.08168
0 0.79101 0.68684 0.03241 0.09722
0 0.83631 0.66369 0.05820 0.14418
0 0.24306 0.86987 0.03836 0.13525
0 0.88757 0.64997 0.04497 0.13459
0 0.92956 0.67278 0.03505 0.05655
0 0.01108 0.87748 0.02216 0.12269
0 0.03985 0.87831 0.03472 0.11971
0 0.07556 0.89980 0.03604 0.09524
0 0.11210 0.87417 0.02381 0.08366
0 0.14418 0.88079 0.04034 0.12731
0 0.93089 0.61855 0.03704 0.05060
0 0.49835 0.04729 0.05556 0.09061
0 0.97173 0.83036 0.05853 0.14616
0 0.60136 0.04745 0.04597 0.08763
0 0.22206 0.33796 0.01885 0.07738
0 0.17741 0.34805 0.04927 0.08499
0 0.12169 0.34689 0.05291 0.08532
0 0.06779 0.35103 0.04828 0.09160
0 0.02216 0.35218 0.04167 0.09127
0 0.96677 0.06465 0.03869 0.06647
0 0.98297 0.21081 0.02877 0.03340
0 0.95519 0.19048 0.02282 0.06944
0 0.93089 0.18370 0.02712 0.08234
0 0.88773 0.18436 0.05853 0.08168
0 0.83631 0.18750 0.04563 0.07474
0 0.76786 0.18651 0.02315 0.05754
0 0.73826 0.18948 0.03208 0.07804
0 0.25694 0.35069 0.04828 0.08565
0 0.04183 0.61524 0.03869 0.06184
0 0.03720 0.22288 0.06448 0.09259
0 0.92229 0.06184 0.04497 0.06415
0 0.82341 0.06481 0.05754 0.06085
0 0.78456 0.07060 0.01951 0.04861
0 0.68783 0.17526 0.03175 0.08267
0 0.65708 0.17725 0.02976 0.08598
0 0.62153 0.17758 0.03142 0.08466
0 0.58796 0.17890 0.02712 0.08995
0 0.55076 0.19130 0.04001 0.06978
0 0.51273 0.17345 0.02414 0.08631
0 0.48032 0.17841 0.03208 0.07903
0 0.44064 0.17493 0.03009 0.08796
0 0.40708 0.17146 0.03307 0.09292
0 0.10268 0.58234 0.03737 0.05357
0 0.30771 0.37682 0.04001 0.03803
0 0.42642 0.30754 0.07176 0.12434
0 0.49818 0.32242 0.06515 0.09590
0 0.98876 0.49239 0.02249 0.10384
0 0.93783 0.49388 0.03704 0.11144
0 0.88955 0.49438 0.04696 0.10251
0 0.80572 0.48413 0.02216 0.13294
0 0.77662 0.48082 0.03604 0.14087
0 0.71759 0.46247 0.05357 0.12864
0 0.66171 0.46462 0.04960 0.13228
0 0.61508 0.48280 0.03836 0.12698
0 0.56267 0.49190 0.05390 0.12004
0 0.51224 0.49818 0.04563 0.10747
0 0.46528 0.49785 0.03704 0.11210
0 0.42675 0.46280 0.03737 0.11475
0 0.37070 0.48363 0.05026 0.08896
0 0.31465 0.48297 0.06118 0.08962
0 0.27381 0.48363 0.02183 0.08896
0 0.24917 0.48165 0.02745 0.09226
0 0.19974 0.48165 0.06151 0.09226
0 0.12765 0.48214 0.06019 0.09325
0 0.07887 0.46296 0.03274 0.08003
0 0.00827 0.48892 0.01587 0.10417
0 0.97470 0.33433 0.03472 0.05820
0 0.92493 0.31713 0.05754 0.08862
0 0.85334 0.25513 0.06184 0.03472
0 0.85351 0.32060 0.04101 0.08829
0 0.80787 0.33234 0.04894 0.07672
0 0.74752 0.32953 0.06382 0.07837
0 0.67526 0.30688 0.03108 0.11310
0 0.62037 0.31515 0.04894 0.08466
0 0.56399 0.32143 0.06184 0.09722
0 0.31118 0.22487 0.05159 0.08664
0 0.55109 0.04679 0.04861 0.09094
0 0.87864 0.06233 0.04233 0.06448
0 0.75744 0.06333 0.03803 0.06382
0 0.64633 0.05936 0.03869 0.06118
0 0.68700 0.05886 0.04266 0.06283
0 0.72338 0.06333 0.03009 0.06382
0 0.25562 0.22801 0.05820 0.08697
