0 0.62888 0.84758 0.05351 0.08241
0 0.97672 0.86320 0.04657 0.05362
0 0.92279 0.78876 0.05229 0.04197
0 0.57251 0.84574 0.05351 0.08241
0 0.51491 0.84681 0.05351 0.08211
0 0.45731 0.84574 0.05351 0.08241
0 0.39849 0.86749 0.05188 0.04810
0 0.34212 0.86688 0.05188 0.04810
0 0.26859 0.78125 0.04044 0.02819
0 0.29146 0.86703 0.04453 0.04779
0 0.24918 0.84559 0.03431 0.04167
0 0.19138 0.86642 0.04779 0.04963
0 0.14073 0.86458 0.04779 0.04963
0 0.09007 0.81618 0.04779 0.04963
0 0.73958 0.85524 0.05351 0.08241
0 0.04269 0.86121 0.04289 0.04963
0 0.79596 0.86213 0.05270 0.05147
0 0.85539 0.86719 0.06291 0.05300
0 0.79596 0.80729 0.05433 0.05392
0 0.05188 0.77558 0.03186 0.02175
0 0.00960 0.84375 0.01920 0.04044
0 0.95813 0.71017 0.08456 0.08517
0 0.87439 0.72243 0.05760 0.04902
0 0.80515 0.72917 0.07680 0.05025
0 0.72672 0.73330 0.07680 0.05055
0 0.64461 0.72963 0.07680 0.05055
0 0.70261 0.66161 0.06944 0.03217
0 0.85927 0.81143 0.06413 0.05545
0 0.91932 0.86642 0.06250 0.05086
0 0.68403 0.85018 0.05351 0.08211
0 0.97590 0.79013 0.04820 0.04473
0 0.08926 0.86734 0.04779 0.04963
0 0.22161 0.71201 0.03881 0.04167
0 0.87071 0.10861 0.05433 0.02665
0 0.84498 0.51225 0.05351 0.07721
0 0.77839 0.51471 0.07312 0.07414
0 0.85600 0.59360 0.07312 0.07384
0 0.77839 0.59176 0.07312 0.07384
0 0.69424 0.60723 0.07639 0.04902
0 0.68444 0.54887 0.06985 0.04688
0 0.66319 0.48943 0.06005 0.03891
0 0.58619 0.53416 0.05964 0.03891
0 0.52022 0.53263 0.06005 0.03891
0 0.58721 0.57491 0.06005 0.03891
0 0.52165 0.57276 0.05964 0.03891
0 0.42096 0.51517 0.07149 0.07200
0 0.34395 0.51363 0.07026 0.07200
0 0.41973 0.59084 0.07721 0.07629
0 0.34150 0.59145 0.07680 0.07629
0 0.29044 0.52987 0.02941 0.04197
0 0.25020 0.52466 0.03391 0.04136
0 0.19996 0.47871 0.05596 0.04749
0 0.18627 0.53523 0.07353 0.05331
0 0.94444 0.60309 0.07843 0.06158
0 0.92708 0.54213 0.06495 0.05423
0 0.98203 0.54182 0.03513 0.05362
0 0.07230 0.70695 0.02614 0.04688
0 0.01307 0.27313 0.02614 0.06281
0 0.04493 0.27390 0.03350 0.06495
0 0.08150 0.27436 0.03554 0.06281
0 0.12214 0.27604 0.03840 0.06373
0 0.16238 0.27466 0.03799 0.06403
0 0.57496 0.65763 0.04044 0.03462
0 0.57557 0.70588 0.04493 0.04657
0 0.52839 0.72763 0.04534 0.05270
0 0.46875 0.72932 0.04534 0.05300
0 0.24571 0.60340 0.07639 0.05668
0 0.42116 0.72197 0.04085 0.05116
0 0.27063 0.67233 0.07884 0.02788
0 0.36172 0.70450 0.07149 0.02788
0 0.27921 0.70236 0.07149 0.02788
0 0.35498 0.73575 0.07108 0.03217
0 0.27941 0.73438 0.07108 0.03248
0 0.20833 0.27206 0.04739 0.07047
0 0.19220 0.65548 0.04371 0.03585
0 0.16626 0.72243 0.04984 0.05025
0 0.11070 0.72503 0.04657 0.04994
0 0.36846 0.67417 0.07598 0.02972
0 0.16319 0.59972 0.07639 0.05668
0 0.09109 0.48499 0.08333 0.05453
0 0.08088 0.54243 0.08333 0.05423
0 0.10560 0.40518 0.08047 0.05239
0 0.03023 0.40717 0.06046 0.05453
0 0.98754 0.29151 0.02492 0.05545
0 0.96099 0.29366 0.02982 0.05362
0 0.92484 0.29243 0.03513 0.05362
0 0.88399 0.29458 0.04167 0.04565
0 0.25715 0.27267 0.04534 0.07108
0 0.30515 0.28202 0.04412 0.05729
0 0.34926 0.28217 0.04085 0.05637
0 0.19016 0.40732 0.08047 0.05239
0 0.39257 0.28431 0.04085 0.05637
0 0.48121 0.28355 0.04085 0.05668
0 0.52594 0.28615 0.04289 0.05699
0 0.57190 0.28753 0.04085 0.05668
0 0.52553 0.23192 0.04208 0.04718
0 0.56924 0.23698 0.04044 0.04136
0 0.62010 0.28983 0.04003 0.05208
0 0.66544 0.28983 0.04003 0.05208
0 0.70752 0.29350 0.04003 0.05208
0 0.75184 0.29305 0.04371 0.05300
0 0.43627 0.28370 0.04085 0.05637
0 0.99081 0.16544 0.01838 0.04167
0 0.27247 0.40794 0.07680 0.05239
0 0.09681 0.35922 0.03676 0.03462
0 0.07578 0.59896 0.08292 0.05453
0 0.02063 0.48438 0.04126 0.05270
0 0.01634 0.54075 0.03268 0.05699
0 0.01348 0.59972 0.02696 0.05239
0 0.88399 0.36229 0.06699 0.04136
0 0.81127 0.36305 0.07108 0.04228
0 0.97406 0.41069 0.05188 0.05055
0 0.90502 0.41161 0.07884 0.04994
0 0.82333 0.41054 0.07884 0.05025
0 0.03738 0.35539 0.06822 0.04534
0 0.74142 0.41146 0.07843 0.04963
0 0.59722 0.41115 0.07680 0.05086
0 0.51920 0.41100 0.07680 0.05116
0 0.42810 0.41146 0.07680 0.05086
0 0.34783 0.40977 0.07067 0.05116
0 0.44281 0.36382 0.05882 0.03768
0 0.37377 0.36106 0.06536 0.04197
0 0.29800 0.36244 0.06740 0.03248
0 0.23529 0.36489 0.05065 0.03002
0 0.15462 0.35800 0.06740 0.03585
0 0.66932 0.40962 0.05923 0.05025
0 0.79984 0.28983 0.04575 0.05270
0 0.84273 0.29473 0.03595 0.04596
0 0.91728 0.17371 0.05842 0.02635
0 0.17055 0.15916 0.03554 0.03523
0 0.21119 0.15594 0.04493 0.04473
0 0.27349 0.15165 0.07639 0.05208
0 0.35233 0.15380 0.07639 0.05208
0 0.42872 0.15671 0.06577 0.04933
0 0.27063 0.09881 0.07966 0.04688
0 0.35192 0.10141 0.07966 0.04718
0 0.42851 0.10631 0.06863 0.04779
0 0.52390 0.17279 0.04698 0.01900
0 0.52635 0.15242 0.04698 0.01930
0 0.52022 0.13235 0.04698 0.01900
0 0.57700 0.17096 0.04453 0.02267
0 0.10131 0.09436 0.07598 0.05147
0 0.91626 0.14139 0.05637 0.03462
0 0.57455 0.09498 0.04453 0.02267
0 0.63399 0.17142 0.05637 0.02482
0 0.63378 0.14537 0.05678 0.02482
0 0.62806 0.12240 0.05678 0.02237
0 0.63113 0.09881 0.05637 0.02237
0 0.69097 0.17387 0.05515 0.02053
0 0.69158 0.14997 0.05556 0.02237
0 0.69077 0.12607 0.05556 0.02237
0 0.68995 0.10248 0.05556 0.02237
0 0.75306 0.16896 0.06495 0.03278
0 0.81516 0.17295 0.05351 0.02482
0 0.81352 0.14691 0.05351 0.02482
0 0.57537 0.12040 0.04453 0.02267
0 0.10355 0.14982 0.07557 0.05147
0 0.57496 0.14583 0.04453 0.02267
0 0.86397 0.15502 0.04085 0.06189
0 0.81475 0.12132 0.05351 0.02451
