0 0.29479 0.50859 0.05208 0.05078
0 0.29609 0.55996 0.05469 0.04570
0 0.35521 0.52695 0.06146 0.09453
0 0.41510 0.49629 0.05521 0.04883
0 0.41484 0.54355 0.05260 0.04414
0 0.46250 0.53770 0.03646 0.04180
0 0.51042 0.51270 0.05521 0.08789
0 0.56719 0.47363 0.05312 0.05273
0 0.18151 0.69805 0.05260 0.04844
0 0.91250 0.76973 0.05729 0.11055
0 0.85781 0.78398 0.04688 0.09063
0 0.80781 0.79551 0.04896 0.10586
0 0.76146 0.80840 0.03958 0.10977
0 0.70703 0.83418 0.06198 0.08086
0 0.65312 0.86543 0.03646 0.04258
0 0.65156 0.81914 0.04375 0.04375
0 0.60260 0.88125 0.05417 0.04063
0 0.60156 0.83340 0.05208 0.04570
0 0.53099 0.87578 0.08073 0.11406
0 0.44974 0.90020 0.07448 0.11055
0 0.23828 0.56406 0.05469 0.04688
0 0.23906 0.51133 0.05625 0.05156
0 0.17083 0.54121 0.07604 0.10664
0 0.09193 0.54629 0.07865 0.10430
0 0.67109 0.23320 0.04115 0.10938
0 0.81589 0.24570 0.04219 0.08828
0 0.85755 0.24492 0.03281 0.08594
0 0.89271 0.24668 0.03333 0.09023
0 0.93229 0.25020 0.04167 0.08477
0 0.05807 0.37441 0.07448 0.14961
0 0.12917 0.37168 0.06354 0.14180
0 0.19271 0.37480 0.05937 0.13320
0 0.29661 0.37402 0.04948 0.12695
0 0.34896 0.37188 0.05208 0.12266
0 0.39844 0.36758 0.04271 0.11406
0 0.44766 0.36777 0.04115 0.11914
0 0.49375 0.36738 0.04792 0.11836
0 0.53906 0.36719 0.03854 0.11562
0 0.57917 0.36484 0.03646 0.11328
0 0.61927 0.36621 0.03958 0.10898
0 0.66146 0.36406 0.04063 0.10703
0 0.70260 0.36328 0.03646 0.10781
0 0.74844 0.36309 0.04792 0.10508
0 0.80495 0.37188 0.03698 0.07266
0 0.83906 0.37070 0.02500 0.07266
0 0.86589 0.37168 0.02448 0.07227
0 0.89219 0.36914 0.02604 0.06953
0 0.92370 0.36738 0.03073 0.07070
0 0.02526 0.54727 0.05052 0.11406
0 0.35677 0.91289 0.10625 0.09687
0 0.23073 0.94707 0.07812 0.10273
0 0.05312 0.96230 0.10625 0.07539
0 0.14896 0.95117 0.08021 0.09688
0 0.62057 0.58418 0.04844 0.04102
0 0.62604 0.23027 0.04375 0.11523
0 0.56693 0.63418 0.04948 0.05273
0 0.56719 0.59355 0.05000 0.02617
0 0.51146 0.65430 0.04792 0.02812
0 0.51406 0.62539 0.04688 0.02500
0 0.51432 0.59453 0.04740 0.03047
0 0.46250 0.65664 0.03958 0.04219
0 0.46380 0.61152 0.04219 0.04336
0 0.41250 0.66465 0.05729 0.03711
0 0.41354 0.61504 0.05625 0.05039
0 0.35521 0.67090 0.04583 0.04414
0 0.35703 0.62051 0.05156 0.04648
0 0.29531 0.65449 0.06354 0.09805
0 0.57135 0.52734 0.05521 0.05000
0 0.62396 0.46953 0.05521 0.04688
0 0.62500 0.51875 0.04792 0.04922
0 0.69427 0.49141 0.07708 0.09297
0 0.77630 0.49238 0.03385 0.07852
0 0.84141 0.48926 0.03594 0.06523
0 0.23620 0.68887 0.05052 0.04648
0 0.91458 0.48242 0.04479 0.06328
0 0.03490 0.68379 0.06979 0.11367
0 0.11172 0.67754 0.07969 0.10352
0 0.18073 0.64531 0.05417 0.05312
0 0.61953 0.62988 0.04948 0.04883
0 0.23594 0.63789 0.05000 0.05000
0 0.68073 0.59883 0.06667 0.08750
0 0.75443 0.59609 0.02240 0.07891
0 0.89297 0.66387 0.04010 0.07773
0 0.85156 0.68262 0.03125 0.05586
0 0.81719 0.68691 0.03229 0.06523
0 0.78776 0.69375 0.02135 0.06406
0 0.75469 0.69219 0.03854 0.08203
0 0.71354 0.69980 0.03958 0.08320
0 0.67057 0.70293 0.04010 0.08477
0 0.61354 0.71738 0.06979 0.08711
0 0.54818 0.74883 0.05365 0.04688
0 0.54792 0.70273 0.05000 0.04297
0 0.49323 0.75762 0.05000 0.04727
0 0.49349 0.71230 0.05052 0.03867
0 0.43932 0.75703 0.05365 0.07734
0 0.37865 0.76621 0.06042 0.08164
0 0.31172 0.77812 0.06719 0.08828
0 0.24375 0.81484 0.06250 0.03750
0 0.24323 0.77148 0.06146 0.04453
0 0.17344 0.80332 0.07187 0.11055
0 0.10104 0.81113 0.07083 0.09727
0 0.03516 0.85000 0.05156 0.04297
0 0.02969 0.79570 0.05625 0.05391
0 0.90130 0.57734 0.03802 0.07109
0 0.86302 0.57871 0.03438 0.06836
0 0.81901 0.59531 0.03281 0.06563
0 0.78333 0.59141 0.03229 0.07266
0 0.72839 0.59688 0.02448 0.07656
0 0.53047 0.22344 0.05052 0.12109
0 0.87604 0.48418 0.02917 0.06758
0 0.42214 0.22324 0.05156 0.12773
0 0.47630 0.22461 0.05052 0.12813
0 0.07109 0.05410 0.06823 0.10586
0 0.14167 0.05586 0.06875 0.10391
0 0.21563 0.05762 0.06354 0.11289
0 0.38958 0.06602 0.05000 0.12969
0 0.43151 0.07695 0.02865 0.10859
0 0.46302 0.08457 0.03125 0.09492
0 0.50026 0.09004 0.03802 0.09336
0 0.54219 0.09316 0.04167 0.09727
0 0.58932 0.08516 0.04635 0.11250
0 0.63411 0.08750 0.04010 0.11719
0 0.33255 0.06387 0.05781 0.12617
0 0.70964 0.09395 0.03698 0.10742
0 0.67292 0.09355 0.03125 0.10820
0 0.31198 0.21836 0.04792 0.13437
0 0.17682 0.21641 0.06927 0.13516
0 0.03932 0.20898 0.06302 0.14453
0 0.10547 0.21094 0.06094 0.14141
0 0.92396 0.12012 0.03125 0.08867
0 0.89062 0.12324 0.03229 0.08086
0 0.85703 0.12188 0.03177 0.07734
0 0.82005 0.12090 0.03490 0.07852
0 0.95885 0.12246 0.03125 0.08633
0 0.36589 0.22441 0.05365 0.13477
