0 0.34130 0.48254 0.02492 0.07598
0 0.36765 0.48116 0.02288 0.08180
0 0.39379 0.48238 0.01961 0.07874
0 0.41891 0.48315 0.02737 0.07414
0 0.44894 0.48652 0.02614 0.06373
0 0.08926 0.49954 0.04371 0.05178
0 0.55167 0.35080 0.05433 0.08946
0 0.50123 0.35876 0.03922 0.07782
0 0.45282 0.36106 0.04943 0.07138
0 0.39828 0.36198 0.05310 0.07261
0 0.31230 0.36336 0.09518 0.07843
0 0.23080 0.36826 0.04902 0.07108
0 0.18342 0.36060 0.03676 0.06801
0 0.14114 0.35401 0.03799 0.05423
0 0.02737 0.37301 0.05474 0.06710
0 0.13991 0.49770 0.04779 0.05300
0 0.19220 0.49142 0.04779 0.06311
0 0.47855 0.48514 0.02737 0.06648
0 0.24612 0.49449 0.04616 0.05576
0 0.28411 0.48453 0.02410 0.07690
0 0.31230 0.48483 0.02492 0.07261
0 0.51001 0.48346 0.02900 0.06985
0 0.34007 0.57552 0.01920 0.05545
0 0.58333 0.48683 0.04167 0.06311
0 0.03329 0.20787 0.04208 0.14982
0 0.09273 0.21446 0.05719 0.13971
0 0.14931 0.21155 0.05433 0.14308
0 0.20650 0.22718 0.04943 0.11244
0 0.27410 0.21140 0.05310 0.13235
0 0.34457 0.21140 0.07149 0.11765
0 0.41136 0.20895 0.05801 0.12316
0 0.48121 0.18643 0.06944 0.16636
0 0.56801 0.17907 0.08129 0.17616
0 0.54371 0.48468 0.03268 0.06556
0 0.64685 0.18627 0.06740 0.15931
0 0.80739 0.17249 0.06740 0.17770
0 0.88562 0.17218 0.08007 0.17647
0 0.95629 0.16192 0.04984 0.07322
0 0.67198 0.36075 0.05310 0.06526
0 0.87439 0.47273 0.06658 0.07843
0 0.80229 0.47350 0.06618 0.07812
0 0.73407 0.50551 0.06454 0.01654
0 0.67484 0.47748 0.03758 0.07629
0 0.63092 0.47763 0.04126 0.07904
0 0.72937 0.17356 0.08292 0.18045
0 0.73468 0.35095 0.06577 0.08241
0 0.80270 0.35095 0.06373 0.08241
0 0.86172 0.34635 0.05106 0.08732
0 0.38276 0.67877 0.03431 0.05484
0 0.34886 0.67907 0.02533 0.05913
0 0.31373 0.68919 0.03758 0.02053
0 0.26511 0.67525 0.03186 0.06924
0 0.23611 0.67770 0.02288 0.06434
0 0.20690 0.67601 0.02819 0.06526
0 0.17647 0.67601 0.02859 0.06097
0 0.13072 0.68030 0.05310 0.06587
0 0.06801 0.68444 0.05678 0.06005
0 0.01716 0.68229 0.03431 0.06189
0 0.78186 0.78569 0.03431 0.05300
0 0.73938 0.76762 0.02288 0.04442
0 0.70792 0.78676 0.03350 0.05086
0 0.66810 0.76838 0.03064 0.08027
0 0.63460 0.76409 0.02737 0.07292
0 0.60458 0.75643 0.01961 0.05882
0 0.57802 0.76180 0.02451 0.07261
0 0.41238 0.67387 0.01757 0.06526
0 0.43484 0.67555 0.02247 0.06434
0 0.46201 0.67693 0.02533 0.05913
0 0.48938 0.67509 0.02451 0.06097
0 0.31189 0.57552 0.02737 0.04994
0 0.27042 0.58762 0.02696 0.06311
0 0.23836 0.58732 0.03064 0.06250
0 0.20629 0.58624 0.02696 0.06587
0 0.17504 0.59452 0.03227 0.04933
0 0.13685 0.59574 0.03186 0.05178
0 0.09865 0.59544 0.03799 0.05545
0 0.05596 0.58609 0.03840 0.07353
0 0.54596 0.77129 0.03064 0.08180
0 0.01491 0.59084 0.02982 0.06464
0 0.84518 0.66820 0.02696 0.06556
0 0.81679 0.66667 0.02165 0.06556
0 0.77512 0.68091 0.05188 0.03830
0 0.72324 0.66805 0.03636 0.06097
0 0.67341 0.66942 0.05923 0.06250
0 0.61213 0.68122 0.04698 0.03462
0 0.55535 0.68735 0.05270 0.03523
0 0.51450 0.67295 0.02002 0.06710
0 0.87704 0.66713 0.02941 0.06464
0 0.51695 0.76302 0.02165 0.06771
0 0.48652 0.77313 0.03431 0.08303
0 0.45527 0.77083 0.02328 0.08211
0 0.94812 0.53983 0.02778 0.07292
0 0.98264 0.41881 0.03554 0.07782
0 0.94301 0.41850 0.03554 0.07782
0 0.50123 0.58303 0.03595 0.06495
0 0.54065 0.57920 0.03227 0.07077
0 0.58109 0.58333 0.03717 0.06801
0 0.61581 0.57537 0.02655 0.05882
0 0.65707 0.57828 0.03309 0.06587
0 0.46793 0.58333 0.02737 0.06985
0 0.70588 0.58900 0.04820 0.04749
0 0.77349 0.57123 0.02083 0.06219
0 0.80453 0.57721 0.03145 0.06556
0 0.83742 0.57445 0.02614 0.06434
0 0.87704 0.57613 0.03840 0.06771
0 0.02042 0.50414 0.02533 0.04504
0 0.04943 0.49449 0.02859 0.06127
0 0.97917 0.29243 0.03186 0.08058
0 0.94363 0.29213 0.03105 0.07996
0 0.74551 0.57567 0.02941 0.06679
0 0.36949 0.58012 0.02982 0.05913
0 0.43239 0.58211 0.03309 0.06311
0 0.92933 0.67188 0.03268 0.02696
0 0.42341 0.77665 0.03309 0.08333
0 0.39195 0.77313 0.02574 0.08670
0 0.36070 0.76639 0.03023 0.07200
0 0.39869 0.57721 0.02369 0.06127
0 0.28145 0.76624 0.02124 0.07537
0 0.24163 0.77711 0.03391 0.08425
0 0.21017 0.77911 0.02247 0.09069
0 0.18382 0.76884 0.01879 0.06036
0 0.98223 0.53768 0.03472 0.07353
0 0.14747 0.78631 0.02859 0.07629
0 0.09212 0.77803 0.01920 0.07935
0 0.06270 0.78799 0.03391 0.07598
0 0.03329 0.78447 0.02083 0.08241
0 0.01021 0.78646 0.02042 0.07721
0 0.97753 0.77619 0.03186 0.07506
0 0.94016 0.76654 0.02410 0.08150
0 0.91197 0.77589 0.02247 0.07935
0 0.97508 0.66192 0.05147 0.04749
0 0.11806 0.78508 0.02778 0.07690
0 0.31230 0.76639 0.02819 0.07384
0 0.61193 0.35386 0.05556 0.08150
