0 0.59972 0.65543 0.01808 0.08374
0 0.29611 0.67136 0.01869 0.07966
0 0.61857 0.65523 0.01716 0.08415
0 0.63664 0.65462 0.01654 0.08538
0 0.65380 0.65564 0.01838 0.07680
0 0.66483 0.58027 0.02941 0.03554
0 0.69409 0.58109 0.02604 0.03391
0 0.62699 0.53248 0.04075 0.04208
0 0.27497 0.67953 0.01808 0.06332
0 0.08471 0.23366 0.01808 0.05556
0 0.38051 0.66687 0.02022 0.07639
0 0.40074 0.66503 0.01471 0.07353
0 0.06342 0.23325 0.01900 0.05637
0 0.04366 0.23203 0.01869 0.05882
0 0.02436 0.23366 0.01685 0.05882
0 0.00751 0.23223 0.01501 0.05842
0 0.10447 0.23346 0.01838 0.05596
0 0.58104 0.65666 0.01746 0.08456
0 0.56143 0.65359 0.01746 0.07843
0 0.54366 0.65359 0.01379 0.07843
0 0.35846 0.66891 0.01961 0.07802
0 0.52604 0.65707 0.01777 0.08374
0 0.51042 0.58558 0.01838 0.04616
0 0.51180 0.53574 0.01685 0.05106
0 0.53891 0.57904 0.03676 0.04371
0 0.53676 0.53329 0.02757 0.04616
0 0.58058 0.53084 0.04167 0.03962
0 0.57935 0.58088 0.03738 0.04657
0 0.62623 0.57904 0.04350 0.04371
0 0.41866 0.66156 0.01869 0.08047
0 0.50858 0.65809 0.01716 0.08415
0 0.67295 0.65482 0.01562 0.07843
0 0.01838 0.68852 0.03002 0.03554
0 0.70787 0.65441 0.01440 0.07353
0 0.06832 0.62888 0.01961 0.03881
0 0.28002 0.60784 0.01409 0.02288
0 0.26409 0.60764 0.01225 0.02328
0 0.24831 0.60805 0.01011 0.02247
0 0.23499 0.60641 0.01103 0.02574
0 0.28278 0.58027 0.01042 0.02328
0 0.66682 0.54228 0.02849 0.03472
0 0.26517 0.58170 0.01195 0.02288
0 0.25031 0.58047 0.00980 0.02288
0 0.23851 0.57373 0.01134 0.03309
0 0.27359 0.55167 0.01287 0.02492
0 0.25873 0.55372 0.01317 0.02737
0 0.25980 0.52635 0.01287 0.02410
0 0.27359 0.52328 0.01287 0.03268
0 0.42693 0.58170 0.01685 0.04167
0 0.10018 0.62745 0.01716 0.04167
0 0.11857 0.62827 0.01716 0.03676
0 0.13695 0.62582 0.01471 0.03922
0 0.15349 0.62725 0.01654 0.03636
0 0.17325 0.62520 0.01624 0.03717
0 0.19041 0.62480 0.01624 0.03799
0 0.20941 0.62459 0.01746 0.03840
0 0.39951 0.58558 0.03064 0.03962
0 0.04764 0.62847 0.01930 0.04616
0 0.02604 0.63092 0.02206 0.03799
0 0.00705 0.62480 0.01164 0.04126
0 0.20833 0.55984 0.02451 0.03962
0 0.24494 0.67831 0.03585 0.04126
0 0.20343 0.67994 0.03554 0.03799
0 0.16636 0.68444 0.03676 0.03799
0 0.12975 0.68525 0.03462 0.03636
0 0.09268 0.68852 0.03646 0.03881
0 0.05453 0.68934 0.03554 0.03717
0 0.72549 0.65257 0.01777 0.07721
0 0.23575 0.63297 0.01256 0.02165
0 0.25000 0.63174 0.01164 0.02083
0 0.26562 0.63399 0.01287 0.02288
0 0.28018 0.63399 0.01195 0.02288
0 0.69102 0.65462 0.01991 0.07639
0 0.74449 0.65298 0.01900 0.07639
0 0.77941 0.64910 0.01777 0.07761
0 0.79733 0.65012 0.01685 0.07557
0 0.01302 0.56658 0.01440 0.04085
0 0.02865 0.56842 0.01624 0.04371
0 0.04396 0.56577 0.01440 0.04248
0 0.06618 0.56883 0.02696 0.04616
0 0.09053 0.56904 0.01808 0.04248
0 0.12898 0.56638 0.01961 0.04126
0 0.14844 0.56536 0.01685 0.04085
0 0.16605 0.56536 0.01777 0.04085
0 0.18490 0.56597 0.01685 0.04208
0 0.76302 0.65074 0.01440 0.07761
0 0.69623 0.54432 0.03033 0.03391
0 0.57935 0.22896 0.02083 0.09273
0 0.72564 0.54248 0.02727 0.03758
0 0.50659 0.23100 0.00888 0.07966
0 0.43045 0.23570 0.00797 0.06373
0 0.01991 0.38787 0.01716 0.04044
0 0.04197 0.38766 0.01961 0.03840
0 0.04550 0.36234 0.02420 0.01225
0 0.06419 0.38828 0.02053 0.03717
0 0.08732 0.38746 0.02083 0.03881
0 0.10478 0.36029 0.02390 0.01062
0 0.11014 0.38746 0.02053 0.03881
0 0.13557 0.38419 0.02543 0.04534
0 0.15227 0.50674 0.01777 0.03881
0 0.17142 0.50613 0.01685 0.04003
0 0.18980 0.50674 0.01746 0.03881
0 0.51792 0.23223 0.01072 0.07721
0 0.20879 0.50674 0.01624 0.03881
0 0.24510 0.50368 0.01287 0.04493
0 0.27405 0.44730 0.02053 0.10539
0 0.29841 0.44710 0.02574 0.10253
0 0.32659 0.44608 0.02696 0.10212
0 0.16131 0.38419 0.02420 0.04534
0 0.18735 0.38562 0.02359 0.04248
0 0.21431 0.38562 0.02482 0.04493
0 0.24035 0.38725 0.02420 0.03922
0 0.26961 0.32884 0.02757 0.10376
0 0.29733 0.32884 0.02604 0.10376
0 0.11320 0.50347 0.01991 0.03881
0 0.08548 0.51123 0.03309 0.03554
0 0.05867 0.50756 0.01624 0.04289
0 0.22840 0.50551 0.01440 0.03799
0 0.00536 0.38725 0.01072 0.04167
0 0.23376 0.31536 0.02022 0.05719
0 0.53094 0.23346 0.01348 0.07721
0 0.55316 0.12132 0.01685 0.08170
0 0.57384 0.12500 0.01900 0.07761
0 0.69623 0.12725 0.02114 0.08211
0 0.71722 0.12908 0.01716 0.07516
0 0.73514 0.12827 0.01869 0.08252
0 0.59926 0.22610 0.01961 0.10172
0 0.61949 0.22467 0.01900 0.09804
0 0.63909 0.22590 0.01654 0.09886
0 0.65824 0.22692 0.02053 0.09681
0 0.67877 0.22631 0.02053 0.09804
0 0.70021 0.22876 0.02114 0.09641
0 0.71936 0.22815 0.01471 0.09436
0 0.73836 0.22876 0.02022 0.09314
0 0.76042 0.22794 0.02083 0.09477
0 0.78232 0.22876 0.02114 0.09314
0 0.80545 0.23080 0.02145 0.09232
0 0.05852 0.10764 0.01593 0.05678
0 0.03661 0.12234 0.02298 0.02165
0 0.01915 0.10723 0.01072 0.02410
0 0.01670 0.31250 0.01501 0.05964
0 0.03477 0.31189 0.01685 0.05515
0 0.05622 0.31189 0.01869 0.06087
0 0.07430 0.31168 0.01808 0.06127
0 0.09697 0.31250 0.01501 0.05964
0 0.11550 0.31495 0.01777 0.06127
0 0.13572 0.31413 0.01716 0.05637
0 0.15518 0.31536 0.01685 0.05392
0 0.17417 0.31699 0.01808 0.05719
0 0.19516 0.31618 0.01654 0.05556
0 0.04289 0.50715 0.01471 0.04371
0 0.02742 0.50674 0.01379 0.04126
0 0.01103 0.50797 0.01287 0.03881
0 0.24632 0.44608 0.01348 0.04085
0 0.36106 0.24326 0.01562 0.04289
0 0.34360 0.24081 0.01501 0.04126
0 0.32613 0.24244 0.01440 0.04453
0 0.31250 0.20650 0.01287 0.02655
0 0.30990 0.23917 0.01501 0.03717
0 0.55545 0.22712 0.02390 0.08742
0 0.39782 0.44547 0.02482 0.10008
0 0.42433 0.44710 0.02267 0.09681
0 0.52206 0.44710 0.02819 0.09028
0 0.60371 0.44567 0.01930 0.09069
0 0.62301 0.44873 0.01869 0.09681
0 0.64246 0.44628 0.01654 0.09845
0 0.26884 0.23632 0.02849 0.04453
0 0.24418 0.24285 0.01593 0.04943
0 0.22488 0.24060 0.02083 0.05310
0 0.20144 0.23795 0.01746 0.05596
0 0.18045 0.23713 0.01716 0.05760
0 0.16131 0.23652 0.01991 0.06209
0 0.14216 0.23427 0.01593 0.05760
0 0.12469 0.23632 0.01532 0.05351
0 0.66039 0.44669 0.01808 0.09436
0 0.68306 0.44547 0.02420 0.09355
0 0.70711 0.44506 0.02451 0.09763
0 0.72626 0.44628 0.01440 0.08946
0 0.74893 0.44404 0.02788 0.09069
0 0.80147 0.45527 0.02512 0.07149
0 0.77834 0.45282 0.01562 0.06658
0 0.78125 0.57618 0.02574 0.03717
0 0.75184 0.57843 0.02880 0.03595
0 0.37561 0.23938 0.00797 0.05065
0 0.72227 0.57945 0.02727 0.03391
0 0.38618 0.23754 0.01072 0.05106
0 0.40579 0.23958 0.00888 0.05270
0 0.22779 0.44669 0.01746 0.03962
0 0.20925 0.44833 0.01716 0.03881
0 0.19010 0.44587 0.01808 0.04126
0 0.17249 0.44628 0.01471 0.04044
0 0.15365 0.44730 0.01808 0.03840
0 0.11366 0.44628 0.01838 0.03717
0 0.09298 0.44649 0.01869 0.04003
0 0.07322 0.44812 0.02022 0.03922
0 0.05392 0.44690 0.01838 0.04167
0 0.03416 0.44710 0.01808 0.04126
0 0.01302 0.44710 0.01685 0.04126
0 0.80699 0.34028 0.02022 0.09314
0 0.78523 0.33967 0.02206 0.09109
0 0.76225 0.33905 0.01777 0.09232
0 0.74096 0.33742 0.02298 0.09559
0 0.71615 0.33660 0.02420 0.09722
0 0.69210 0.33721 0.02206 0.09600
0 0.66682 0.33660 0.02604 0.09722
0 0.32521 0.33109 0.02175 0.09926
0 0.34758 0.33272 0.02114 0.09926
0 0.37071 0.33190 0.01900 0.09763
0 0.39262 0.33170 0.02175 0.10131
0 0.41483 0.33497 0.02022 0.09804
0 0.35325 0.44751 0.02083 0.09600
0 0.51762 0.33415 0.02604 0.10212
0 0.54305 0.33721 0.02175 0.09600
0 0.64124 0.33721 0.02574 0.09926
0 0.37377 0.44690 0.01838 0.09722
0 0.41958 0.23427 0.01317 0.06332
0 0.39675 0.23979 0.00674 0.05229
0 0.21324 0.31618 0.01593 0.05556
0 0.59053 0.33885 0.02053 0.09273
0 0.02114 0.73366 0.01961 0.03105
0 0.84773 0.38746 0.01409 0.06904
0 0.86198 0.38685 0.01317 0.06699
0 0.90365 0.38807 0.01808 0.07680
0 0.92034 0.38787 0.01471 0.07721
0 0.93796 0.38766 0.02053 0.07516
0 0.84651 0.59171 0.01654 0.07312
0 0.86397 0.59089 0.01471 0.07230
0 0.86596 0.48815 0.01624 0.07271
0 0.88404 0.49101 0.01562 0.07598
0 0.90196 0.48693 0.01961 0.07516
0 0.93045 0.49040 0.02390 0.08047
0 0.88848 0.59722 0.01777 0.07435
0 0.91483 0.59947 0.02022 0.07312
0 0.93781 0.72447 0.02451 0.06822
0 0.92172 0.28370 0.01746 0.07475
0 0.91697 0.72774 0.01287 0.07067
0 0.87776 0.72569 0.02390 0.07149
0 0.83042 0.71507 0.01624 0.07475
0 0.78493 0.71058 0.01225 0.02247
0 0.77191 0.71140 0.01195 0.01757
0 0.79228 0.75960 0.01593 0.02819
0 0.77635 0.75899 0.01348 0.03595
0 0.75643 0.72896 0.01287 0.04371
0 0.73989 0.73672 0.01654 0.05596
0 0.72733 0.73795 0.00735 0.05351
0 0.71339 0.76225 0.01379 0.02288
0 0.71415 0.72958 0.01287 0.03595
0 0.70083 0.73223 0.00950 0.03391
0 0.68505 0.73284 0.01716 0.03268
0 0.68490 0.76205 0.01869 0.02655
0 0.89966 0.72815 0.01746 0.07312
0 0.90472 0.28329 0.01593 0.07884
0 0.70129 0.76307 0.01042 0.02451
0 0.87286 0.28288 0.01838 0.07639
0 0.88925 0.28309 0.01501 0.07598
0 0.04504 0.79514 0.02328 0.04616
0 0.07062 0.79310 0.02175 0.04698
0 0.09421 0.79248 0.02298 0.04493
0 0.02129 0.76981 0.02175 0.03799
0 0.34084 0.64134 0.01440 0.04493
0 0.32292 0.64154 0.01716 0.04698
0 0.85156 0.28207 0.01991 0.07802
0 0.11903 0.79044 0.01991 0.04575
0 0.14338 0.79105 0.02328 0.04453
0 0.19424 0.77880 0.02145 0.06005
0 0.22227 0.77798 0.02727 0.06168
0 0.25720 0.77165 0.02604 0.06536
0 0.30561 0.76103 0.01930 0.07761
0 0.32751 0.76083 0.01716 0.07802
0 0.61458 0.33783 0.02512 0.09804
0 0.36811 0.75633 0.01808 0.07721
0 0.34773 0.75980 0.01654 0.07353
0 0.64277 0.73836 0.01287 0.05842
0 0.60263 0.73754 0.01716 0.05433
0 0.58594 0.73938 0.01562 0.05637
0 0.56801 0.73795 0.01900 0.05351
0 0.55438 0.73856 0.00766 0.05474
0 0.62669 0.73795 0.01685 0.06250
0 0.51884 0.74898 0.01685 0.07721
0 0.38955 0.75654 0.01991 0.07435
0 0.53937 0.74694 0.01930 0.07802
0 0.41023 0.75735 0.01777 0.07843
0 0.66039 0.74122 0.01808 0.06495
0 0.42953 0.73529 0.01042 0.03105
0 0.50398 0.74959 0.00797 0.07843
0 0.42923 0.77247 0.01225 0.03922
